Upper Left Point

Latitude: 42.293657
	Deg: 42		Min: 17		Sec: 37.1652
Longitude: -71.315475
	Deg: -71	Min: 18		Sec: 55.71


Lower Right Point

Latitude: 42.282069
	Deg: 42		Min: 16		Sec: 55.4478
Longitude: -71.302900
	Deg: -71	Min: 18		Sec: 10.4394
